549 -16.0 0.0 -55.0 0.9
550 -16.0 0.0 -55.0 0.9
558 -16.0 0.0 -55.0 0.9
423 -16.0 0.0 -55.0 0.9
424 -16.0 0.0 -55.0 0.9
426 -16.0 0.0 -55.0 0.9
431 -16.0 0.0 -55.0 0.9
437 -16.0 0.0 -55.0 0.9
439 -16.0 0.0 -55.0 0.9
440 -16.0 0.0 -55.0 0.9
422 -16.0 0.0 -55.0 0.9
421 -16.0 0.0 -55.0 0.9
402 -16.0 0.0 -55.0 0.9
403 -16.0 0.0 -55.0 0.9
405 -16.0 0.0 -55.0 0.9
418 -16.0 0.0 -55.0 0.9
442 -16.0 0.0 -55.0 0.9
443 -16.0 0.0 -55.0 0.9
467 -16.0 0.0 -55.0 0.9
470 -16.0 0.0 -55.0 0.9
474 -16.0 0.0 -55.0 0.9
483 -16.0 0.0 -55.0 0.9
459 -16.0 0.0 -55.0 0.9
434 -16.0 0.0 -55.0 0.9
455 -16.0 0.0 -55.0 0.9
457 -16.0 0.0 -55.0 0.9
411 -16.0 0.0 -55.0 0.9
415 -16.0 0.0 -55.0 0.9
604 -16.0 0.0 -55.0 0.9
542 -16.0 0.0 -55.0 0.9
404 -16.0 0.0 -55.0 0.9
561 -16.0 0.0 -55.0 0.9
479 -16.0 0.0 -55.0 0.9
500 -16.0 0.0 -55.0 0.9
589 -16.0 0.0 -55.0 0.9
602 -16.0 0.0 -55.0 0.9
603 -16.0 0.0 -55.0 0.9
506 -16.0 0.0 -55.0 0.9
565 -16.0 0.0 -55.0 0.9
445 -16.0 0.0 -55.0 0.9
478 -16.0 0.0 -55.0 0.9
489 -16.0 0.0 -55.0 0.9
579 -16.0 0.0 -55.0 0.9
560 -16.0 0.0 -55.0 0.9
551 -16.0 0.0 -55.0 0.9
587 -16.0 0.0 -55.0 0.9
566 -16.0 0.0 -55.0 0.9
533 -16.0 0.0 -55.0 0.9
496 -16.0 0.0 -55.0 0.9
412 -16.0 0.0 -55.0 0.9
463 -16.0 0.0 -55.0 0.9
475 -16.0 0.0 -55.0 0.9
545 -16.0 0.0 -55.0 0.9
491 -16.0 0.0 -55.0 0.9
567 -16.0 0.0 -55.0 0.9
534 -16.0 0.0 -55.0 0.9
554 -16.0 0.0 -55.0 0.9
400 -16.0 0.0 -55.0 0.9
414 -16.0 0.0 -55.0 0.9
482 -16.0 0.0 -55.0 0.9
480 -16.0 0.0 -55.0 0.9
578 -16.0 0.0 -55.0 0.9
477 -16.0 0.0 -55.0 0.9
409 -16.0 0.0 -55.0 0.9
466 -16.0 0.0 -55.0 0.9
429 -16.0 0.0 -55.0 0.9
517 -16.0 0.0 -55.0 0.9
536 -16.0 0.0 -55.0 0.9
580 -16.0 0.0 -55.0 0.9