1000 -16.0 0.0 -55.0 0.9
1001 -16.0 0.0 -55.0 0.9
1002 -16.0 0.0 -55.0 0.9
1003 -16.0 0.0 -55.0 0.9
1004 -16.0 0.0 -55.0 0.9
1049 -16.0 0.0 -55.0 0.9
1050 -16.0 0.0 -55.0 0.9
1029 -16.0 0.0 -55.0 0.9
18648 -16.0 0.0 -55.0 0.9
18650 -16.0 0.0 -55.0 0.9
18652 -16.0 0.0 -55.0 0.9
18649 -16.0 0.0 -55.0 0.9
18647 -16.0 0.0 -55.0 0.9
18651 -16.0 0.0 -55.0 0.9
19917 -16.0 0.0 -55.0 0.9
1128 -16.0 0.0 -55.0 0.9
1130 -16.0 0.0 -55.0 0.9
1131 -16.0 0.0 -55.0 0.9
2798 -16.0 0.0 -55.0 0.9
1098 -16.0 0.0 -55.0 0.9
1254 -16.0 0.0 -55.0 0.9
1274 -16.0 0.0 -55.0 0.9
2103 -16.0 0.0 -55.0 0.9
2231 -16.0 0.0 -55.0 0.9
3092 -16.0 0.0 -55.0 0.9
1010 -16.0 0.0 -55.0 0.9
19153 -16.0 0.0 -55.0 0.9
1189 -16.0 0.0 -55.0 0.9
19150 -16.0 0.0 -55.0 0.9
19156 -16.0 0.0 -55.0 0.9
11702 -16.0 0.0 -55.0 0.9
1157 -16.0 0.0 -55.0 0.9
1174 -16.0 0.0 -55.0 0.9
1175 -16.0 0.0 -55.0 0.9
1185 -16.0 0.0 -55.0 0.9
1005 -16.0 0.0 -55.0 0.9
1007 -16.0 0.0 -55.0 0.9
1018 -16.0 0.0 -55.0 0.9
1019 -16.0 0.0 -55.0 0.9
1021 -16.0 0.0 -55.0 0.9
1024 -16.0 0.0 -55.0 0.9
1029 -16.0 0.0 -55.0 0.9
1043 -16.0 0.0 -55.0 0.9
1044 -16.0 0.0 -55.0 0.9
1047 -16.0 0.0 -55.0 0.9
1048 -16.0 0.0 -55.0 0.9
1056 -16.0 0.0 -55.0 0.9
1090 -16.0 0.0 -55.0 0.9
2768 -16.0 0.0 -55.0 0.9
19078 -16.0 0.0 -55.0 0.9
19893 -16.0 0.0 -55.0 0.9
19838 -16.0 0.0 -55.0 0.9
11736 -16.0 0.0 -55.0 0.9
1247 -16.0 0.0 -55.0 0.9
19147 -16.0 0.0 -55.0 0.9
19148 -16.0 0.0 -55.0 0.9
19149 -16.0 0.0 -55.0 0.9
19151 -16.0 0.0 -55.0 0.9
19580 -16.0 0.0 -55.0 0.9
2690 -16.0 0.0 -55.0 0.9
19308 -16.0 0.0 -55.0 0.9
1550 -16.0 0.0 -55.0 0.9
19306 -16.0 0.0 -55.0 0.9
19307 -16.0 0.0 -55.0 0.9
18749 -16.0 0.0 -55.0 0.9
19054 -16.0 0.0 -55.0 0.9
19133 -16.0 0.0 -55.0 0.9
19471 -16.0 0.0 -55.0 0.9
19878 -16.0 0.0 -55.0 0.9
19314 -16.0 0.0 -55.0 0.9
2404 -16.0 0.0 -55.0 0.9
2405 -16.0 0.0 -55.0 0.9
2406 -16.0 0.0 -55.0 0.9
19317 -16.0 0.0 -55.0 0.9
19318 -16.0 0.0 -55.0 0.9
2232 -16.0 0.0 -55.0 0.9
1840 -16.0 0.0 -55.0 0.9
2229 -16.0 0.0 -55.0 0.9
1025 -16.0 0.0 -55.0 0.9
1073 -16.0 0.0 -55.0 0.9
1074 -16.0 0.0 -55.0 0.9
1075 -16.0 0.0 -55.0 0.9
1076 -16.0 0.0 -55.0 0.9
1077 -16.0 0.0 -55.0 0.9
1078 -16.0 0.0 -55.0 0.9
1079 -16.0 0.0 -55.0 0.9
1080 -16.0 0.0 -55.0 0.9
1081 -16.0 0.0 -55.0 0.9
1082 -16.0 0.0 -55.0 0.9
1083 -16.0 0.0 -55.0 0.9
1084 -16.0 0.0 -55.0 0.9
1085 -16.0 0.0 -55.0 0.9
1096 -16.0 0.0 -55.0 0.9
1097 -16.0 0.0 -55.0 0.9
19894 -16.0 0.0 -55.0 0.9
19873 -16.0 0.0 -55.0 0.9
19874 -16.0 0.0 -55.0 0.9
19624 -16.0 0.0 -55.0 0.9
19621 -16.0 0.0 -55.0 0.9
19620 -16.0 0.0 -55.0 0.9