541 -16.0 0.0 -55.0 0.9
415 -16.0 0.0 -55.0 0.9
562 -16.0 0.0 -55.0 0.9
434 -16.0 0.0 -55.0 0.9
402 -16.0 0.0 -55.0 0.9
502 -16.0 0.0 -55.0 0.9
503 -16.0 0.0 -55.0 0.9
411 -16.0 0.0 -55.0 0.9
555 -16.0 0.0 -55.0 0.9
451 -16.0 0.0 -55.0 0.9
568 -16.0 0.0 -55.0 0.9
424 -16.0 0.0 -55.0 0.9
504 -16.0 0.0 -55.0 0.9
457 -16.0 0.0 -55.0 0.9
483 -16.0 0.0 -55.0 0.9
508 -16.0 0.0 -55.0 0.9
571 -16.0 0.0 -55.0 0.9
500 -16.0 0.0 -55.0 0.9
444 -16.0 0.0 -55.0 0.9
556 -16.0 0.0 -55.0 0.9
557 -16.0 0.0 -55.0 0.9
471 -16.0 0.0 -55.0 0.9
495 -16.0 0.0 -55.0 0.9
539 -16.0 0.0 -55.0 0.9